line
0 250 0 500 250 0
line
75 250 0 750 0
line
75 0 0 7540 0 0
line
75 40 0 0 7540 250 0
line
250 0 375 0 0
line
0 0 375 40 0 0
line
415 0 0 415 250 0
line
85 400 0 -60 250 0
line
85 380 0 -60 250 0
line
85 360 0 -60 250 0
line
85 340 0 -60 250 0
line
85 320 0 -60 250 0
line
85 300 0 -60 250 0
line
85 280 0 -60 250 0
line
85 260 0 -60 250 0
line
85 250 0 85 425 0
line
85 425 0 105 425 0
line
105 425 0 105 250 0
line
105 400 0 245 250 0
line
105 380 0 245 250 0
line
105 360 0 245 250 0
line
105 340 0 245 250 0
line
105 320 0 245 250 0
line
105 300 0 245 250 0
line
105 280 0 245 250 0
line
105 260 0 245 250 0
line
385 400 0 245 250 0
line
385 380 0 245 250 0
line
385 360 0 245 250 0
line
385 340 0 245 250 0
line
385 320 0 245 250 0
line
385 300 0 245 250 0
line
385 280 0 245 250 0
line
385 260 0 245 250 0
line
385 250 0 385 425 0
line
385 425 0 405 425 0
line
405 425 0 405 250 0
line
405 400 0 545 250 0
line
405 380 0 545 250 0
line
405 360 0 545 250 0
line
405 340 0 545 250 0
line
405 320 0 545 250 0
line
405 300 0 545 250 0
line
405 280 0 545 250 0
line
405 260 0 545 250 0
line
685 400 0 545 250 0
line
685 380 0 545 250 0
line
685 360 0 545 250 0
line
685 340 0 545 250 0
line
685 320 0 545 250 0
line
685 300 0 545 250 0
line
685 280 0 545 250 0
line
685 260 0 545 250 0
display
ident
scale
2 2 2
apply
display
ident
move
100 100 0
apply
display
ident
rotate
z 20
rotate
x 20
rotate
y 20
apply
display
ident
rotate
y 20
apply
display
save
pic.png
